0175004490000001650720241205000000000000389520018
079600000000204901750094530010007257000561985500000100
079600000000204901750094530010007257000561985500000100
079600000000225601750091140072104978001112278700000100
079600000000225601750091140072104978001112278700000100
079600000000225601750078310071692422001134897900000100
079600000000225601750078310071692422001134897900000100
079600000000204901750094570060521300001165556800000100
079600000000204901750094570060521300001165556800000100
079600000000225601750146110060522404001373245500000100
079600000000225601750142930073080880001415523300000100
079600000000225601750142930073080880001415523300000100
079600000000225601750078390000002400001571121200000100
079600000000204901750094530060307152001743324400000100
079600000000204901750094530060307152001743324400000100
079600000000204901750094580075936123001906705900000100
079600000000204901750094580075936123001906705900000100
079600000000225601750557270075846141002087711100000100
079600000000225601750557270075846141002087711100000100
