0175004490000001650720241122000000000027100201470
079600000000190001750081340010004280000468690800000100
079600000000190001750081340010004280000468690800000100
079600000000190001750081340010004280000468690800000100
079600000000190001750081340010004280000468690800000100
079600000000190001750081340010004280000468690800000100
079600000000190001750081340010004280000468690800000100
079600000000190501750113560060514979000528652600000100
079600000000190501750113560060514979000528652600000100
079600000000190501750113560060514979000528652600000100
079600000000190501750113560060514979000528652600000100
079600000000190501750113560060514979000528652600000100
079600000000190501750113560060514979000528652600000100
079600000000204901750094530010007257000561985500000100
079600000000204901750094530010007257000561985500000100
079600000000204901750094530010007257000561985500000100
079600000000204901750094530010007257000561985500000100
079600000000204901750094530010007257000561985500000100
079600000000204901750094530010007257000561985500000100
079600000000000401750094530010007257000561985500000100
079600000000000501750094530010007257000561985500000100
079600000000304201750081340061142073000570494600000100
079600000000304201750081340061142073000570494600000100
079600000000113701750098810073108460000585144700000100
079600000000113701750098810073108460000585144700000100
079600000000190501750306530060525469000639924200000100
079600000000190501750306530060525469000639924200000100
079600000000190501750306530060525469000639924200000100
079600000000190501750306530060525469000639924200000100
079600000000190501750069440073657729000651193700000100
079600000000190501750069440073657729000651193700000100
079600000000190501750069440073657729000651193700000100
079600000000190501750069440073657729000651193700000100
079600000000190501750069440073657729000651193700000100
079600000000190501750069440073657729000651193700000100
079600000000190501750069440073657729000651193700000100
079600000000113701750066030060454621000672333700000100
079600000000113701750066030060454621000672333700000100
079600000000151601750066030060454621000672333700000100
079600000000228401750190960061722136000679992400000100
079600000000228401750190960061722136000679992400000100
079600000000228401750190960061722136000679992400000100
079600000000228401750190960061722136000679992400000100
079600000000304201750190960061722136000679992400000100
079600000000304201750190960061722136000679992400000100
079600000000950501750303160072519158000686145400000100
079600000000950501750303160072519158000686145400000100
079600000000950501750303160072519158000686145400000100
079600000000950501750303160072519158000686145400000100
079600000000950501750303160072519158000686145400000100
079600000000151601750062780073631921000705319400000100
079600000000151601750062780073631921000705319400000100
079600000000228401750086450010005088000717015400000100
079600000000228401750086450010005088000717015400000100
079600000000228401750086450010005088000717015400000100
079600000000228401750086450010005088000717015400000100
079600000000304201750086450010005088000717015400000100
079600000000304201750086450010005088000717015400000100
079600000000001501750050330061091825000731652200000100
079600000000113701750481910061094538000746970200000100
079600000000113701750481910061094538000746970200000100
079600000000190501750066030060455817000757212500000100
079600000000190501750066030060455817000757212500000100
079600000000190501750066030060455817000757212500000100
079600000000151601750066030060455817000757212500000100
079600000000151601750066030060455817000757212500000100
079600000000117401750066030060455817000757212500000100
079600000000117401750066030060455817000757212500000100
079600000000117401750066030060455817000757212500000100
079600000000117401750066030060455817000757212500000100
079600000000151601750066030060455817000757212500000100
079600000000151601750066030060455817000757212500000100
079600000000190501750098810073110175000773215200000100
079600000000190501750098810073110175000773215200000100
079600000000190501750098810073110175000773215200000100
079600000000190501750098810073110175000773215200000100
079600000000113701750098810073110175000773215200000100
079600000000190501750097020010004953000786050100000100
079600000000190501750097020010004953000786050100000100
079600000000113701750097020010004953000786050100000100
079600000000113701750097020010004953000786050100000100
079600000000190501750098830073111941000786840500000100
079600000000190501750098830073111941000786840500000100
079600000000190501750098830073111941000786840500000100
079600000000190501750098830073111941000786840500000100
079600000000113701750098830073111941000786840500000100
079600000000113701750098830073111941000786840500000100
079600000000113701750253160061122030000804189400000100
079600000000113701750253160061122030000804189400000100
079600000000113701750253160061122030000804189400000100
079600000000113701750253160061122030000804189400000100
079600000000151601750253160061122030000804189400000100
079600000000151601750253160061122030000804189400000100
079600000000117401750024430070594350000809473200000100
079600000000117401750024430070594350000809473200000100
079600000000117401750024430070594350000809473200000100
079600000000117401750024430070594350000809473200000100
079600000000151601750024430070594350000809473200000100
079600000000151601750024430070594350000809473200000100
079600000000151601750428270073616235000822696700000100
079600000000345801750157760060514409000825895500000100
079600000000345801750157760060514409000825895500000100
079600000000345801750157760060514409000825895500000100
079600000000345801750157760060514409000825895500000100
079600000000455801750157760060514409000825895500000100
079600000000455801750157760060514409000825895500000100
079600000000190501750063510061082369000826663800000100
079600000000190501750063510061082369000826663800000100
079600000000190501750063510061082369000826663800000100
079600000000190501750063510061082369000826663800000100
079600000000190501750063510061082369000826663800000100
079600000000190501750063510061082369000826663800000100
079600000000190501750605650073097810000843873700000100
079600000000190501750605650073097810000843873700000100
079600000000113701750605650073097810000843873700000100
079600000000113701750605650073097810000843873700000100
079600000000353201750146110060522149000857165200000100
079600000000353201750146110060522149000857165200000100
079600000000353201750146110060522149000857165200000100
079600000000455801750146110060522149000857165200000100
079600000000455801750146110060522149000857165200000100
079600000000190501750081370010007931000863572800000100
079600000000190501750081370010007931000863572800000100
079600000000190501750081370010007931000863572800000100
079600000000190501750081370010007931000863572800000100
079600000000113701750081370010007931000863572800000100
079600000000113701750081370010007931000863572800000100
079600000000190501750081370010007931000863572800000100
079600000000190501750081370010007931000863572800000100
079600000000190501750081370010007931000863572800000100
079600000000190501750081370010007931000863572800000100
079600000000113701750081370010007931000863572800000100
079600000000113701750081370010007931000863572800000100
079600000000190501750081370010007931000863572800000100
079600000000190501750081370010007931000863572800000100
079600000000190501750081370010007931000863572800000100
079600000000190501750081370010007931000863572800000100
079600000000113701750081370010007931000863572800000100
079600000000113701750081370010007931000863572800000100
079600000000228401750541660061119999000871842800000100
079600000000228401750541660061119999000871842800000100
079600000000228401750541660061119999000871842800000100
079600000000228401750541660061119999000871842800000100
079600000000304201750541660061119999000871842800000100
079600000000304201750541660061119999000871842800000100
079600000000151601750066050060456187000877642700000100
079600000000455801750112710072305107000887306000000100
079600000000455801750112710072305107000887306000000100
079600000000117401750067850060509451000887798500000100
079600000000117401750067850060509451000887798500000100
079600000000117401750067850060509451000887798500000100
079600000000117401750067850060509451000887798500000100
079600000000151601750067850060509451000887798500000100
079600000000151601750067850060509451000887798500000100
079600000000190501750197610060207944000899995800000100
079600000000113701750197610060207944000899995800000100
079600000000190501750066060060456374000950320700000100
079600000000190501750066060060456374000950320700000100
079600000000190501750066060060456374000950320700000100
079600000000190501750481910061095382000954168400000100
079600000000190501750481910061095382000954168400000100
079600000000190501750481910061095382000954168400000100
079600000000190501750481910061095382000954168400000100
079600000000113701750481910061095382000954168400000100
079600000000113701750481910061095382000954168400000100
079600000000190501750481900061096590000962674000000100
079600000000190501750481900061096590000962674000000100
079600000000113701750481900061096590000962674000000100
079600000000113701750481900061096590000962674000000100
079600000000113701750534370061134204000972061200000100
079600000000113701750534370061134204000972061200000100
079600000000113701750534370061134204000972061200000100
079600000000113701750534370061134204000972061200000100
079600000000151601750534370061134204000972061200000100
079600000000151601750534370061134204000972061200000100
079600000000304201750154260060496748000975623400000100
079600000000304201750154260060496748000975623400000100
079600000000190501750066080060457832000992729700000100
079600000000190501750066080060457832000992729700000100
079600000000190501750066080060457832000992729700000100
079600000000190501750066080060457832000992729700000100
079600000000190501750066080060457832000992729700000100
079600000000190501750066080060457832000992729700000100
079600000000113701750208520060500489001003755700000100
079600000000113701750208520060500489001003755700000100
079600000000151601750208520060500489001003755700000100
079600000000000101750040640060174953001010779400000100
079600000000000101750040640060174953001010779400000100
079600000000000101750040640060174953001010779400000100
079600000000000101750040640060174953001010779400000100
079600000000000101750040640060174953001010779400000100
079600000000228401750059780010013093001013570900000100
079600000000228401750059780010013093001013570900000100
079600000000228401750059780010013093001013570900000100
079600000000228401750059780010013093001013570900000100
079600000000304201750059780010013093001013570900000100
079600000000304201750059780010013093001013570900000100
079600000000380001750089940010014921001017491400000100
079600000000380001750089940010014921001017491400000100
079600000000380001750089940010014921001017491400000100
079600000000380001750089940010014921001017491400000100
079600000000380001750089940010014921001017491400000100
079600000000380001750089940010014921001017491400000100
079600000000380001750089940010014921001017491400000100
079600000000380001750089940010014921001017491400000100
079600000000190501750098810073116302001041532000000100
079600000000190501750098810073116302001041532000000100
079600000000190501750098810073116302001041532000000100
079600000000190501750098810073116302001041532000000100
079600000000190501750098810073116302001041532000000100
079600000000190501750098810073116302001041532000000100
079600000000190501750133020061142700001046669000000100
079600000000190501750133020061142700001046669000000100
079600000000190501750133020061142700001046669000000100
079600000000190501750133020061142700001046669000000100
079600000000113701750133020061142700001046669000000100
079600000000113701750133020061142700001046669000000100
079600000000190501750133020061142700001046669000000100
079600000000190501750133020061142700001046669000000100
079600000000190501750133020061142700001046669000000100
079600000000190501750133020061142700001046669000000100
079600000000190501750133020061142700001046669000000100
079600000000190501750133020061142700001046669000000100
079600000000190501750133020061142700001046669000000100
079600000000190501750133020061142700001046669000000100
079600000000190501750133020061142700001046669000000100
079600000000190501750133020061142700001046669000000100
079600000000000101750133020061142700001046669000000100
079600000000000101750133020061142700001046669000000100
079600000000000201750133020061142700001046669000000100
079600000000000201750133020061142700001046669000000100
079600000000000201750133020061142700001046669000000100
079600000000000201750133020061142700001046669000000100
079600000000000201750133020061142700001046669000000100
079600000000000201750133020061142700001046669000000100
079600000000000201750133020061142700001046669000000100
079600000000000301750133020061142700001046669000000100
079600000000000301750133020061142700001046669000000100
079600000000000401750133020061142700001046669000000100
079600000000113701750062710073634808001073583000000100
079600000000113701750062710073634808001073583000000100
079600000000151601750062710073634808001073583000000100
079600000000228401750337580061097801001077392000000100
079600000000228401750337580061097801001077392000000100
079600000000304201750337580061097801001077392000000100
079600000000190501750163140010001041001088837200000100
079600000000190501750163140010001041001088837200000100
079600000000190501750163140010001041001088837200000100
079600000000190501750163140010001041001088837200000100
079600000000113701750163140010001041001088837200000100
079600000000113701750163140010001041001088837200000100
079600000000000301750163140010001041001088837200000100
079600000000000301750163140010001041001088837200000100
079600000000455801750071630060539645001094612800000100
079600000000455801750071630060539645001094612800000100
079600000000190501750078350010015771001111590400000100
079600000000190501750078350010015771001111590400000100
079600000000190501750078350010015771001111590400000100
079600000000190501750078350010015771001111590400000100
079600000000113701750078350010015771001111590400000100
079600000000113701750078350010015771001111590400000100
079600000000000101750078350010015771001111590400000100
079600000000000101750078350010015771001111590400000100
079600000000000101750078350010015771001111590400000100
079600000000000101750078350010015771001111590400000100
079600000000000101750078350010015771001111590400000100
079600000000000201750078350010015771001111590400000100
079600000000000201750078350010015771001111590400000100
079600000000000201750078350010015771001111590400000100
079600000000000201750078350010015771001111590400000100
079600000000000201750078350010015771001111590400000100
079600000000000201750078350010015771001111590400000100
079600000000000201750078350010015771001111590400000100
079600000000000301750078350010015771001111590400000100
079600000000000301750078350010015771001111590400000100
079600000000000301750078350010015771001111590400000100
079600000000000701750091140072104978001112278700000100
079600000000000701750091140072104978001112278700000100
079600000000000701750091140072104978001112278700000100
079600000000000701750091140072104978001112278700000100
079600000000000701750091140072104978001112278700000100
079600000000000101750091140072104978001112278700000100
079600000000000301750091140072104978001112278700000100
079600000000000301750091140072104978001112278700000100
079600000000225601750091140072104978001112278700000100
079600000000225601750091140072104978001112278700000100
079600000000225601750091140072104978001112278700000100
079600000000225601750091140072104978001112278700000100
079600000000225601750091140072104978001112278700000100
079600000000225601750091140072104978001112278700000100
079600000000225601750091140072104978001112278700000100
079600000000225601750091140072104978001112278700000100
079600000000225601750091140072104978001112278700000100
079600000000225601750091140072104978001112278700000100
079600000000000501750091140072104978001112278700000100
079600000000000501750091140072104978001112278700000100
079600000000000501750091140072104978001112278700000100
079600000000000601750091140072104978001112278700000100
079600000000000601750091140072104978001112278700000100
079600000000000601750091140072104978001112278700000100
079600000000000501750091140072104978001112278700000100
079600000000000501750091140072104978001112278700000100
079600000000000701750091140072104978001112278700000100
079600000000000701750091140072104978001112278700000100
079600000000000801750091140072104978001112278700000100
079600000000000901750091140072104978001112278700000100
079600000000380001750473820073653284001116198800000100
079600000000380001750473820073653284001116198800000100
079600000000380001750473820073653284001116198800000100
079600000000380001750473820073653284001116198800000100
079600000000380001750473820073653284001116198800000100
079600000000380001750473820073653284001116198800000100
079600000000380001750473820073653284001116198800000100
079600000000380001750473820073653284001116198800000100
079600000000000201750473820073653284001116198800000100
079600000000000201750473820073653284001116198800000100
079600000000000201750473820073653284001116198800000100
079600000000000201750473820073653284001116198800000100
079600000000000201750473820073653284001116198800000100
079600000000000301750473820073653284001116198800000100
079600000000000501750473820073653284001116198800000100
079600000000000501750473820073653284001116198800000100
079600000000000501750473820073653284001116198800000100
079600000000000601750473820073653284001116198800000100
079600000000000601750473820073653284001116198800000100
079600000000000601750473820073653284001116198800000100
079600000000000701750473820073653284001116198800000100
079600000000000801750473820073653284001116198800000100
079600000000000901750473820073653284001116198800000100
079600000000001001750473820073653284001116198800000100
079600000000225601750078310071692422001134897900000100
079600000000225601750078310071692422001134897900000100
079600000000225601750078310071692422001134897900000100
079600000000225601750078310071692422001134897900000100
079600000000225601750078310071692422001134897900000100
079600000000225601750078310071692422001134897900000100
079600000000225601750078310071692422001134897900000100
079600000000225601750078310071692422001134897900000100
079600000000225601750078310071692422001134897900000100
079600000000225601750078310071692422001134897900000100
079600000000113701750106270010006084001139001100000100
079600000000113701750106270010006084001139001100000100
079600000000113701750106270010006084001139001100000100
079600000000113701750106270010006084001139001100000100
079600000000151601750106270010006084001139001100000100
079600000000151601750106270010006084001139001100000100
079600000000228401750062720073635486001152221300000100
079600000000228401750062720073635486001152221300000100
079600000000304201750062720073635486001152221300000100
079600000000151601750062750073635512001152575800000100
079600000000151601750062750073635512001152575800000100
079600000000000101750050390010035318001159755300000100
079600000000000101750050390010035318001159755300000100
079600000000000101750050390010035318001159755300000100
079600000000000101750050390010035318001159755300000100
079600000000000101750050390010035318001159755300000100
079600000000204901750094570060521300001165556800000100
079600000000204901750094570060521300001165556800000100
079600000000204901750094570060521300001165556800000100
079600000000204901750094570060521300001165556800000100
079600000000204901750094570060521300001165556800000100
079600000000204901750094570060521300001165556800000100
079600000000000401750094570060521300001165556800000100
079600000000000501750094570060521300001165556800000100
079600000000117401750337520061099469001169830100000100
079600000000151601750337520061099469001169830100000100
079600000000151601750337520061099469001169830100000100
079600000000353201750526270072306904001172397900000100
079600000000353201750526270072306904001172397900000100
079600000000353201750526270072306904001172397900000100
079600000000353201750526270072306904001172397900000100
079600000000455801750526270072306904001172397900000100
079600000000455801750526270072306904001172397900000100
079600000000228401750623460073148731001172535700000100
079600000000304201750623460073148731001172535700000100
079600000000304201750623460073148731001172535700000100
079600000000190501750223910072840443001173223100000100
079600000000190501750223910072840443001173223100000100
079600000000190501750223910072840443001173223100000100
079600000000190501750223910072840443001173223100000100
079600000000190501750223910072840443001173223100000100
079600000000190501750223910072840443001173223100000100
079600000000190501750223910072840443001173223100000100
079600000000190501750223910072840443001173223100000100
079600000000190501750223910072840443001173223100000100
079600000000190501750223910072840443001173223100000100
079600000000304201750066010060459688001177098200000100
079600000000113701750066080060459791001180019500000100
079600000000113701750066080060459791001180019500000100
079600000000113701750066080060459791001180019500000100
079600000000113701750066080060459791001180019500000100
079600000000151601750066080060459791001180019500000100
079600000000151601750066080060459791001180019500000100
079600000000190501750098880073119770001189392900000100
079600000000190501750098880073119770001189392900000100
079600000000190501750098880073119770001189392900000100
079600000000190501750235270060266557001189695700000100
079600000000190501750235270060266557001189695700000100
079600000000190501750235270060266557001189695700000100
079600000000190501750235270060266557001189695700000100
079600000000113701750235270060266557001189695700000100
079600000000113701750235270060266557001189695700000100
079600000000304201750069470073658157001190199400000100
079600000000304201750069470073658157001190199400000100
079600000000190501750337590061100087001202725100000100
079600000000190501750337590061100087001202725100000100
079600000000190501750337590061100087001202725100000100
079600000000228401750062700073635983001203702900000100
079600000000228401750062700073635983001203702900000100
079600000000228401750062700073635983001203702900000100
079600000000228401750062700073635983001203702900000100
079600000000304201750062700073635983001203702900000100
079600000000304201750062700073635983001203702900000100
079600000000113701750163170060373496001208467900000100
079600000000113701750163170060373496001208467900000100
079600000000151601750163170060373496001208467900000100
079600000000113701750105480010001141001209302500000100
079600000000113701750105480010001141001209302500000100
079600000000113701750105480010001141001209302500000100
079600000000113701750105480010001141001209302500000100
079600000000151601750105480010001141001209302500000100
079600000000151601750105480010001141001209302500000100
079600000000228401750124170061127806001209909800000100
079600000000304201750124170061127806001209909800000100
079600000000228401750062740073636023001210151200000100
079600000000304201750062740073636023001210151200000100
079600000000304201750062740073636023001210151200000100
079600000000190501750066010060460078001217535700000100
079600000000190501750066010060460078001217535700000100
079600000000190501750066010060460078001217535700000100
079600000000190501750066010060460078001217535700000100
079600000000113701750066010060460078001217535700000100
079600000000113701750066010060460078001217535700000100
079600000000190501750059760060533941001218942300000100
079600000000190501750059760060533941001218942300000100
079600000000190501750059760060533941001218942300000100
079600000000190501750059760060533941001218942300000100
079600000000190501750059760060533941001218942300000100
079600000000190501750059760060533941001218942300000100
079600000000190501750059760060533941001218942300000100
079600000000190501750059760060533941001218942300000100
079600000000190501750059760060533941001218942300000100
079600000000190501750067810060509669001219083500000100
079600000000190501750067810060509669001219083500000100
079600000000190501750067810060509669001219083500000100
079600000000190501750067810060509669001219083500000100
079600000000113701750067810060509669001219083500000100
079600000000113701750067810060509669001219083500000100
079600000000190501750067810060509669001219083500000100
079600000000190501750067810060509669001219083500000100
079600000000190501750067810060509669001219083500000100
079600000000190501750067810060509669001219083500000100
079600000000190501750067810060509669001219083500000100
079600000000190501750067810060509669001219083500000100
079600000000190501750067810060509669001219083500000100
079600000000190501750067810060509669001219083500000100
079600000000190501750067810060509669001219083500000100
079600000000190501750067810060509669001219083500000100
079600000000000201750067810060509669001219083500000100
079600000000000201750067810060509669001219083500000100
079600000000000201750067810060509669001219083500000100
079600000000000201750067810060509669001219083500000100
079600000000000201750067810060509669001219083500000100
079600000000000201750067810060509669001219083500000100
079600000000000301750067810060509669001219083500000100
079600000000000301750067810060509669001219083500000100
079600000000000301750067810060509669001219083500000100
079600000000113701750346420071086010001243524000000100
079600000000113701750346420071086010001243524000000100
079600000000190501750098810073120553001244003200000100
079600000000190501750098810073120553001244003200000100
079600000000190501750098810073120553001244003200000100
079600000000190501750098810073120553001244003200000100
079600000000113701750098810073120553001244003200000100
079600000000113701750098810073120553001244003200000100
079600000000190501750098810073120553001244003200000100
079600000000190501750098810073120553001244003200000100
079600000000190501750098810073120553001244003200000100
079600000000190501750098810073120553001244003200000100
079600000000113701750098810073120553001244003200000100
079600000000113701750098810073120553001244003200000100
079600000000190501750098810073120687001246607500000100
079600000000190501750098810073120687001246607500000100
079600000000190501750098810073120687001246607500000100
079600000000190501750098810073120687001246607500000100
079600000000190501750098810073120687001246607500000100
079600000000190501750098810073120687001246607500000100
079600000000304201750358890072851244001248254000000100
079600000000304201750358890072851244001248254000000100
079600000000117401750490800073092047001248522200000100
079600000000117401750490800073092047001248522200000100
079600000000117401750490800073092047001248522200000100
079600000000117401750490800073092047001248522200000100
079600000000151601750490800073092047001248522200000100
079600000000151601750490800073092047001248522200000100
079600000000455801750119490060496561001249323100000100
079600000000455801750119490060496561001249323100000100
079600000000380001750128370073026590001250085100000100
079600000000380001750128370073026590001250085100000100
079600000000380001750128370073026590001250085100000100
079600000000380001750128370073026590001250085100000100
079600000000455801750133020060500573001256327300000100
079600000000190501750068600060519493001261623000000100
079600000000190501750068600060519493001261623000000100
079600000000190501750068600060519493001261623000000100
079600000000190501750068600060519493001261623000000100
079600000000190501750068600060519493001261623000000100
079600000000151601750098810073120981001262152300000100
079600000000117401750098810073120981001262152300000100
079600000000117401750098810073120981001262152300000100
079600000000117401750098810073120981001262152300000100
079600000000117401750098810073120981001262152300000100
079600000000151601750098810073120981001262152300000100
079600000000151601750098810073120981001262152300000100
079600000000304201750134890061143053001266092800000100
079600000000304201750134890061143053001266092800000100
079600000000113701750081390070361711001266618800000100
079600000000113701750081390070361711001266618800000100
079600000000113701750081390070361711001266618800000100
079600000000113701750081390070361711001266618800000100
079600000000151601750081390070361711001266618800000100
079600000000151601750081390070361711001266618800000100
079600000000190501750363470060559004001268624300000100
079600000000190501750363470060559004001268624300000100
079600000000190501750363470060559004001268624300000100
079600000000190501750363470060559004001268624300000100
079600000000113701750363470060559004001268624300000100
079600000000113701750363470060559004001268624300000100
079600000000190501750098840073121036001269387700000100
079600000000190501750098840073121036001269387700000100
079600000000190501750098840073121036001269387700000100
079600000000190501750098840073121036001269387700000100
079600000000113701750098840073121036001269387700000100
079600000000113701750098840073121036001269387700000100
079600000000113701750066010060460896001273505500000100
079600000000113701750066010060460896001273505500000100
079600000000113701750066010060460896001273505500000100
079600000000113701750066010060460896001273505500000100
079600000000151601750066010060460896001273505500000100
079600000000151601750066010060460896001273505500000100
079600000000151601750148840061115685001278965600000100
079600000000151601750148840061115685001278965600000100
079600000000950501750138190060467345001281224900000100
079600000000950501750138190060467345001281224900000100
079600000000950501750138190060467345001281224900000100
079600000000950501750138190060467345001281224900000100
079600000000190501750098890073121512001286861700000100
079600000000190501750098890073121512001286861700000100
079600000000190501750098890073121512001286861700000100
079600000000190501750098890073121512001286861700000100
079600000000113701750098890073121512001286861700000100
079600000000113701750098890073121512001286861700000100
079600000000000201750098890073121512001286861700000100
079600000000000201750098890073121512001286861700000100
079600000000000301750098890073121512001286861700000100
079600000000000301750098890073121512001286861700000100
079600000000000301750098890073121512001286861700000100
079600000000190501750067800010017106001301556900000100
079600000000190501750067800010017106001301556900000100
079600000000190501750067800010017106001301556900000100
079600000000190501750067800010017106001301556900000100
079600000000113701750067800010017106001301556900000100
079600000000113701750067800010017106001301556900000100
079600000000000301750067800010017106001301556900000100
079600000000000301750067800010017106001301556900000100
079600000000000301750067800010017106001301556900000100
079600000000151601750098850073121979001302595400000100
079600000000151601750098850073121979001302595400000100
079600000000113701750066040060461186001302881800000100
079600000000113701750066040060461186001302881800000100
079600000000113701750066040060461186001302881800000100
079600000000151601750066040060461186001302881800000100
079600000000151601750066040060461186001302881800000100
079600000000228401750066050060461194001302892800000100
079600000000228401750066050060461194001302892800000100
079600000000228401750066050060461194001302892800000100
079600000000228401750066050060461194001302892800000100
079600000000304201750066050060461194001302892800000100
079600000000304201750066050060461194001302892800000100
079600000000228401750066010060461201001304794200000100
079600000000228401750066010060461201001304794200000100
079600000000228401750066010060461201001304794200000100
079600000000228401750066010060461201001304794200000100
079600000000304201750066010060461201001304794200000100
079600000000304201750066010060461201001304794200000100
079600000000190501750099620060280506001310199100000100
079600000000190501750099620060280506001310199100000100
079600000000190501750099620060280506001310199100000100
079600000000190501750099620060280506001310199100000100
079600000000113701750099620060280506001310199100000100
079600000000113701750099620060280506001310199100000100
079600000000190501750099620060280506001310199100000100
079600000000190501750099620060280506001310199100000100
079600000000190501750099620060280506001310199100000100
079600000000190501750099620060280506001310199100000100
079600000000113701750099620060280506001310199100000100
079600000000113701750099620060280506001310199100000100
079600000000000101750099620060280506001310199100000100
079600000000000101750099620060280506001310199100000100
079600000000000101750099620060280506001310199100000100
079600000000000101750099620060280506001310199100000100
079600000000000101750099620060280506001310199100000100
079600000000000101750099620060280506001310199100000100
079600000000000101750099620060280506001310199100000100
079600000000000201750099620060280506001310199100000100
079600000000000301750099620060280506001310199100000100
079600000000000301750099620060280506001310199100000100
079600000000000301750099620060280506001310199100000100
079600000000000401750099620060280506001310199100000100
079600000000000401750099620060280506001310199100000100
079600000000000401750099620060280506001310199100000100
079600000000000401750099620060280506001310199100000100
079600000000000601750099620060280506001310199100000100
079600000000000701750099620060280506001310199100000100
079600000000117401750424070060549376001318686000000100
079600000000117401750424070060549376001318686000000100
079600000000151601750424070060549376001318686000000100
079600000000151601750424070060549376001318686000000100
079600000000117401750305710071452923001325362200000100
079600000000117401750305710071452923001325362200000100
079600000000117401750305710071452923001325362200000100
079600000000117401750305710071452923001325362200000100
079600000000151601750305710071452923001325362200000100
079600000000151601750305710071452923001325362200000100
079600000000190501750033330061148649001326039400000100
079600000000190501750033330061148649001326039400000100
079600000000113701750033330061148649001326039400000100
079600000000113701750033330061148649001326039400000100
079600000000455801750127510060539460001332695600000100
079600000000608401750142960073080609001339048500000100
079600000000608401750142960073080609001339048500000100
079600000000304201750605670073099748001353939200000100
079600000000304201750605670073099748001353939200000100
079600000000228401750134810061143195001353989900000100
079600000000228401750134810061143195001353989900000100
079600000000228401750134810061143195001353989900000100
079600000000228401750134810061143195001353989900000100
079600000000304201750134810061143195001353989900000100
079600000000304201750134810061143195001353989900000100
079600000000228401750163190060386618001359880200000100
079600000000228401750163190060386618001359880200000100
079600000000228401750163190060386618001359880200000100
079600000000228401750163190060386618001359880200000100
079600000000304201750163190060386618001359880200000100
079600000000304201750163190060386618001359880200000100
079600000000304201750066010060461649001365150300000100
079600000000304201750066010060461649001365150300000100
079600000000228401750158510010001390001365392600000100
079600000000228401750158510010001390001365392600000100
079600000000228401750158510010001390001365392600000100
079600000000228401750158510010001390001365392600000100
079600000000304201750158510010001390001365392600000100
079600000000304201750158510010001390001365392600000100
079600000000117401750098810073123072001368605900000100
079600000000117401750098810073123072001368605900000100
079600000000117401750098810073123072001368605900000100
079600000000117401750098810073123072001368605900000100
079600000000151601750098810073123072001368605900000100
079600000000151601750098810073123072001368605900000100
079600000000190501750066030060461729001372414400000100
079600000000190501750066030060461729001372414400000100
079600000000190501750066030060461729001372414400000100
079600000000190501750066030060461729001372414400000100
079600000000225601750146110060522404001373245500000100
079600000000225601750146110060522404001373245500000100
079600000000117401750124150061128018001387380700000100
079600000000117401750124150061128018001387380700000100
079600000000117401750124150061128018001387380700000100
079600000000117401750124150061128018001387380700000100
079600000000151601750124150061128018001387380700000100
079600000000151601750124150061128018001387380700000100
079600000000190501750078350010017343001387426200000100
079600000000190501750078350010017343001387426200000100
079600000000190501750078350010017343001387426200000100
079600000000190501750525410075557984001390473400000100
079600000000190501750525410075557984001390473400000100
079600000000190501750525410075557984001390473400000100
079600000000190501750525410075557984001390473400000100
079600000000113701750525410075557984001390473400000100
079600000000113701750525410075557984001390473400000100
079600000000000201750525410075557984001390473400000100
079600000000000201750525410075557984001390473400000100
079600000000000201750525410075557984001390473400000100
079600000000000201750525410075557984001390473400000100
079600000000000201750525410075557984001390473400000100
079600000000000201750525410075557984001390473400000100
079600000000000301750525410075557984001390473400000100
079600000000000301750525410075557984001390473400000100
079600000000000301750525410075557984001390473400000100
079600000000190501750080510060523818001394949800000100
079600000000190501750080510060523818001394949800000100
079600000000190501750080510060523818001394949800000100
079600000000190501750080510060523818001394949800000100
079600000000190501750080510060523818001394949800000100
079600000000190501750080510060523818001394949800000100
079600000000151601750071650010006504001398574900000100
079600000000151601750071650010006504001398574900000100
079600000000190501750064300010008466001400436500000100
079600000000190501750064300010008466001400436500000100
079600000000190501750064300010008466001400436500000100
079600000000190501750064300010008466001400436500000100
079600000000190501750457680074970243001406894600000100
079600000000190501750457680074970243001406894600000100
079600000000190501750457680074970243001406894600000100
079600000000190501750457680074970243001406894600000100
079600000000190501750457680074970243001406894600000100
079600000000190501750457680074970243001406894600000100
079600000000151601750223960073590043001407244100000100
079600000000151601750223960073590043001407244100000100
079600000000190501750098820073123712001408441200000100
079600000000190501750098820073123712001408441200000100
079600000000190501750098820073123712001408441200000100
079600000000190501750098820073123712001408441200000100
079600000000113701750098820073123712001408441200000100
079600000000113701750098820073123712001408441200000100
079600000000190501750098820073123712001408441200000100
079600000000190501750098820073123712001408441200000100
079600000000190501750098820073123712001408441200000100
079600000000190501750098820073123712001408441200000100
079600000000113701750098820073123712001408441200000100
079600000000113701750098820073123712001408441200000100
079600000000000101750098820073123712001408441200000100
079600000000000101750098820073123712001408441200000100
079600000000000201750098820073123712001408441200000100
079600000000000301750098820073123712001408441200000100
079600000000000301750098820073123712001408441200000100
079600000000000301750098820073123712001408441200000100
079600000000000401750098820073123712001408441200000100
079600000000000401750098820073123712001408441200000100
079600000000000401750098820073123712001408441200000100
079600000000000401750098820073123712001408441200000100
079600000000000601750098820073123712001408441200000100
079600000000000701750098820073123712001408441200000100
079600000000228401750351160061103789001409342400000100
079600000000228401750351160061103789001409342400000100
079600000000228401750351160061103789001409342400000100
079600000000228401750351160061103789001409342400000100
079600000000304201750351160061103789001409342400000100
079600000000304201750351160061103789001409342400000100
079600000000225601750142930073080880001415523300000100
079600000000225601750142930073080880001415523300000100
079600000000225601750142930073080880001415523300000100
079600000000225601750142930073080880001415523300000100
079600000000225601750142930073080880001415523300000100
079600000000225601750142930073080880001415523300000100
079600000000225601750142930073080880001415523300000100
079600000000113701750268910060471070001416021800000100
079600000000113701750268910060471070001416021800000100
079600000000151601750268910060471070001416021800000100
079600000000190501750066080010012977001416700000000100
079600000000190501750066080010012977001416700000000100
079600000000190501750066080010012977001416700000000100
079600000000190501750066080010012977001416700000000100
079600000000190501750066080010012977001416700000000100
079600000000190501750066080010012977001416700000000100
079600000000151601750148870060420465001416840400000100
079600000000151601750148870060420465001416840400000100
079600000000190501750021060061124606001440114900000100
079600000000190501750021060061124606001440114900000100
079600000000190501750021060061124606001440114900000100
079600000000190501750021060061124606001440114900000100
079600000000190501750021060061124606001440114900000100
079600000000190501750021060061124606001440114900000100
079600000000190501750623410072568821001441097100000100
079600000000190501750081360010007968001442086900000100
079600000000190501750081360010007968001442086900000100
079600000000190501750081360010007968001442086900000100
079600000000190501750081360010007968001442086900000100
079600000000113701750081360010007968001442086900000100
079600000000113701750081360010007968001442086900000100
079600000000000101750081360010007968001442086900000100
079600000000000101750081360010007968001442086900000100
079600000000000101750081360010007968001442086900000100
079600000000000201750081360010007968001442086900000100
079600000000000201750081360010007968001442086900000100
079600000000000201750081360010007968001442086900000100
079600000000000201750081360010007968001442086900000100
079600000000000201750081360010007968001442086900000100
079600000000000201750081360010007968001442086900000100
079600000000000201750081360010007968001442086900000100
079600000000000301750081360010007968001442086900000100
079600000000000301750081360010007968001442086900000100
079600000000000301750081360010007968001442086900000100
079600000000113701750195080060575794001446500700000100
079600000000190501750335900073669234001454640600000100
079600000000190501750335900073669234001454640600000100
079600000000190501750335900073669234001454640600000100
079600000000190501750335900073669234001454640600000100
079600000000113701750335900073669234001454640600000100
079600000000113701750335900073669234001454640600000100
079600000000190501750066000060462477001456203600000100
079600000000190501750066000060462477001456203600000100
079600000000190501750066000060462477001456203600000100
079600000000190501750066000060462477001456203600000100
079600000000113701750066000060462477001456203600000100
079600000000113701750066000060462477001456203600000100
079600000000190501750066000060462477001456203600000100
079600000000190501750066000060462477001456203600000100
079600000000190501750066000060462477001456203600000100
079600000000190501750066000060462477001456203600000100
079600000000113701750066000060462477001456203600000100
079600000000113701750066000060462477001456203600000100
079600000000151601750362630061148952001459664800000100
079600000000151601750362630061148952001459664800000100
079600000000190501750347290754072148001463869800000100
079600000000190501750347290754072148001463869800000100
079600000000113701750347290754072148001463869800000100
079600000000113701750347290754072148001463869800000100
079600000000304201750051160071641340001469350900000100
079600000000304201750051160071641340001469350900000100
079600000000113701750282470061103031001470505300000100
079600000000113701750282470061103031001470505300000100
079600000000151601750282470061103031001470505300000100
079600000000113701750060110070402472001472325600000100
079600000000113701750060110070402472001472325600000100
079600000000113701750060110070402472001472325600000100
079600000000113701750060110070402472001472325600000100
079600000000151601750060110070402472001472325600000100
079600000000151601750060110070402472001472325600000100
079600000000113701750425860061140295001473286400000100
079600000000113701750425860061140295001473286400000100
079600000000113701750425860061140295001473286400000100
079600000000151601750425860061140295001473286400000100
079600000000151601750425860061140295001473286400000100
079600000000117401750028720060538622001474227600000100
079600000000117401750028720060538622001474227600000100
079600000000117401750028720060538622001474227600000100
079600000000117401750028720060538622001474227600000100
079600000000151601750028720060538622001474227600000100
079600000000151601750028720060538622001474227600000100
079600000000190501750072490060510721001474908800000100
079600000000190501750013900010151102001481406800000100
079600000000190501750013900010151102001481406800000100
079600000000190501750013900010151102001481406800000100
079600000000190501750013900010151102001481406800000100
079600000000190501750013900010151102001481406800000100
079600000000190501750013900010151102001481406800000100
079600000000190501750013900010151102001481406800000100
079600000000190501750013900010151102001481406800000100
079600000000190501750013900010151102001481406800000100
079600000000190501750428240073618111001491134100000100
079600000000190501750428240073618111001491134100000100
079600000000190501750428240073618111001491134100000100
079600000000190501750428240073618111001491134100000100
079600000000190501750428240073618111001491134100000100
079600000000190501750428240073618111001491134100000100
079600000000151601750195040070151928001492376200000100
079600000000151601750195040070151928001492376200000100
079600000000353201750021070060511357001493665100000100
079600000000353201750021070060511357001493665100000100
079600000000455801750021070060511357001493665100000100
079600000000455801750021070060511357001493665100000100
079600000000380001750066070060462974001498953700000100
079600000000380001750066070060462974001498953700000100
079600000000380001750066070060462974001498953700000100
079600000000380001750066070060462974001498953700000100
079600000000380001750066070060462974001498953700000100
079600000000380001750066070060462974001498953700000100
079600000000380001750066070060462974001498953700000100
079600000000380001750066070060462974001498953700000100
079600000000113701750083090073671862001502543300000100
079600000000113701750083090073671862001502543300000100
079600000000151601750083090073671862001502543300000100
079600000000304201750033370061147059001504243300000100
079600000000304201750033370061147059001504243300000100
079600000000190501750535130061138137001505980000000100
079600000000190501750535130061138137001505980000000100
079600000000190501750535130061138137001505980000000100
079600000000190501750535130061138137001505980000000100
079600000000113701750535130061138137001505980000000100
079600000000113701750535130061138137001505980000000100
079600000000190501750535130061138137001505980000000100
079600000000190501750535130061138137001505980000000100
079600000000190501750535130061138137001505980000000100
079600000000190501750535130061138137001505980000000100
079600000000190501750535130061138137001505980000000100
079600000000190501750535130061138137001505980000000100
079600000000117401750011210060538933001519366700000100
079600000000151601750011210060538933001519366700000100
079600000000151601750011210060538933001519366700000100
079600000000117401750282400061103102001520888100000100
079600000000117401750282400061103102001520888100000100
079600000000117401750282400061103102001520888100000100
079600000000117401750282400061103102001520888100000100
079600000000151601750282400061103102001520888100000100
079600000000151601750282400061103102001520888100000100
079600000000113701750282460061103104001522002900000100
079600000000113701750282460061103104001522002900000100
079600000000151601750282460061103104001522002900000100
079600000000113701750081310070361715001528802500000100
079600000000113701750081310070361715001528802500000100
079600000000113701750081310070361715001528802500000100
079600000000113701750081310070361715001528802500000100
079600000000151601750081310070361715001528802500000100
079600000000151601750081310070361715001528802500000100
079600000000228401750066000060403848001546051900000100
079600000000228401750066000060403848001546051900000100
079600000000228401750066000060403848001546051900000100
079600000000228401750066000060403848001546051900000100
079600000000304201750066000060403848001546051900000100
079600000000304201750066000060403848001546051900000100
079600000000353201750112730072303833001546906400000100
079600000000353201750112730072303833001546906400000100
079600000000353201750112730072303833001546906400000100
079600000000353201750112730072303833001546906400000100
079600000000455801750112730072303833001546906400000100
079600000000455801750112730072303833001546906400000100
079600000000353201750067800072299473001546994400000100
079600000000353201750067800072299473001546994400000100
079600000000353201750067800072299473001546994400000100
079600000000353201750067800072299473001546994400000100
079600000000455801750067800072299473001546994400000100
079600000000455801750067800072299473001546994400000100
079600000000190501750093760010004451001552775900000100
079600000000190501750093760010004451001552775900000100
079600000000190501750093760010004451001552775900000100
079600000000190501750093760010004451001552775900000100
079600000000113701750093760010004451001552775900000100
079600000000113701750093760010004451001552775900000100
079600000000190501750093760010004451001552775900000100
079600000000190501750093760010004451001552775900000100
079600000000190501750093760010004451001552775900000100
079600000000190501750093760010004451001552775900000100
079600000000190501750093760010004451001552775900000100
079600000000190501750093760010004451001552775900000100
079600000000113701750066040060463536001555753100000100
079600000000113701750066040060463536001555753100000100
079600000000151601750066040060463536001555753100000100
079600000000151601750066040060463536001555753100000100
079600000000950501750081350010006795001557690800000100
079600000000190501750373100073839208001560540000000100
079600000000190501750373100073839208001560540000000100
079600000000190501750373100073839208001560540000000100
079600000000190501750373100073839208001560540000000100
079600000000113701750373100073839208001560540000000100
079600000000113701750373100073839208001560540000000100
079600000000000101750373100073839208001560540000000100
079600000000000101750373100073839208001560540000000100
079600000000000101750373100073839208001560540000000100
079600000000000101750373100073839208001560540000000100
079600000000000101750373100073839208001560540000000100
079600000000000201750373100073839208001560540000000100
079600000000000201750373100073839208001560540000000100
079600000000000201750373100073839208001560540000000100
079600000000000201750373100073839208001560540000000100
079600000000000201750373100073839208001560540000000100
079600000000000201750373100073839208001560540000000100
079600000000000201750373100073839208001560540000000100
079600000000000301750373100073839208001560540000000100
079600000000000301750373100073839208001560540000000100
079600000000000301750373100073839208001560540000000100
079600000000225601750078390000002400001571121200000100
079600000000225601750078390000002400001571121200000100
079600000000151601750064330071216782001584835300000100
079600000000151601750064330071216782001584835300000100
079600000000190501750045780060213936001588148300000100
079600000000190501750045780060213936001588148300000100
079600000000190501750045780060213936001588148300000100
079600000000190501750045780060213936001588148300000100
079600000000113701750299990071710734001589096200000100
079600000000113701750299990071710734001589096200000100
079600000000113701750299990071710734001589096200000100
079600000000113701750299990071710734001589096200000100
079600000000151601750299990071710734001589096200000100
079600000000151601750299990071710734001589096200000100
079600000000353201750389850061106920001591858200000100
079600000000353201750389850061106920001591858200000100
079600000000455801750389850061106920001591858200000100
079600000000455801750389850061106920001591858200000100
079600000000117401750155130060555660001595908700000100
079600000000117401750155130060555660001595908700000100
079600000000117401750155130060555660001595908700000100
079600000000117401750155130060555660001595908700000100
079600000000151601750155130060555660001595908700000100
079600000000151601750155130060555660001595908700000100
079600000000113701750417720061147352001599723200000100
079600000000113701750417720061147352001599723200000100
079600000000151601750417720061147352001599723200000100
079600000000190501750064340060294398001599735900000100
079600000000190501750064340060294398001599735900000100
079600000000190501750064340060294398001599735900000100
079600000000190501750064340060294398001599735900000100
079600000000190501750064340060294398001599735900000100
079600000000190501750064340060294398001599735900000100
079600000000353201750153410060497267001601688200000100
079600000000353201750153410060497267001601688200000100
079600000000455801750153410060497267001601688200000100
079600000000455801750153410060497267001601688200000100
079600000000190501750490810073092895001609682600000100
079600000000190501750490810073092895001609682600000100
079600000000190501750351130060526268001641820900000100
079600000000190501750351130060526268001641820900000100
079600000000113701750351130060526268001641820900000100
079600000000113701750351130060526268001641820900000100
079600000000190501750116050076094147001643098400000100
079600000000190501750116050076094147001643098400000100
079600000000190501750116050076094147001643098400000100
079600000000190501750116050076094147001643098400000100
079600000000190501750116050076094147001643098400000100
079600000000190501750116050076094147001643098400000100
079600000000190501750095390060139682001646699700000100
079600000000190501750095390060139682001646699700000100
079600000000190501750095390060139682001646699700000100
079600000000190501750095390060139682001646699700000100
079600000000113701750095390060139682001646699700000100
079600000000113701750095390060139682001646699700000100
079600000000190501750337510071088527001648300000000100
079600000000190501750337510071088527001648300000000100
079600000000190501750337510071088527001648300000000100
079600000000190501750337510071088527001648300000000100
079600000000190501750337510071088527001648300000000100
079600000000380001750051160010064470001651155900000100
079600000000380001750051160010064470001651155900000100
079600000000190501750051160010064470001651155900000100
079600000000190501750051160010064470001651155900000100
079600000000190501750051160010064470001651155900000100
079600000000190501750051160010064470001651155900000100
079600000000190501750051160010064470001651155900000100
079600000000190501750051160010064470001651155900000100
079600000000190501750051160010064470001651155900000100
079600000000190501750051160010064470001651155900000100
079600000000190501750051160010064470001651155900000100
079600000000190501750051160010064470001651155900000100
079600000000117401750051160010064470001651155900000100
079600000000117401750051160010064470001651155900000100
079600000000117401750051160010064470001651155900000100
079600000000117401750051160010064470001651155900000100
079600000000151601750051160010064470001651155900000100
079600000000151601750051160010064470001651155900000100
079600000000304201750612900061649999001657910900000100
079600000000304201750612900061649999001657910900000100
079600000000113701750096110073074733001669855100000100
079600000000113701750096110073074733001669855100000100
079600000000151601750096110073074733001669855100000100
079600000000190501750066000060573675001670742900000100
079600000000190501750066000060573675001670742900000100
079600000000190501750066000060573675001670742900000100
079600000000190501750066000060573675001670742900000100
079600000000113701750066000060573675001670742900000100
079600000000113701750066000060573675001670742900000100
079600000000190501750162390060396151001670963600000100
079600000000190501750162390060396151001670963600000100
079600000000190501750162390060396151001670963600000100
079600000000190501750162390060396151001670963600000100
079600000000190501750162390060396151001670963600000100
079600000000190501750162390060396151001670963600000100
079600000000113701750605610073100720001681676100000100
079600000000113701750605610073100720001681676100000100
079600000000113701750605610073100720001681676100000100
079600000000151601750605610073100720001681676100000100
079600000000151601750605610073100720001681676100000100
079600000000190501750158570010002431001683300600000100
079600000000190501750158570010002431001683300600000100
079600000000190501750158570010002431001683300600000100
079600000000190501750158570010002431001683300600000100
079600000000190501750158570010002431001683300600000100
079600000000190501750158570010002431001683300600000100
079600000000190501750119460010003362001688608000000100
079600000000190501750119460010003362001688608000000100
079600000000190501750119460010003362001688608000000100
079600000000190501750119460010003362001688608000000100
079600000000113701750119460010003362001688608000000100
079600000000113701750119460010003362001688608000000100
079600000000000101750119460010003362001688608000000100
079600000000000101750119460010003362001688608000000100
079600000000000101750119460010003362001688608000000100
079600000000000201750119460010003362001688608000000100
079600000000000201750119460010003362001688608000000100
079600000000000201750119460010003362001688608000000100
079600000000000201750119460010003362001688608000000100
079600000000000201750119460010003362001688608000000100
079600000000000201750119460010003362001688608000000100
079600000000000201750119460010003362001688608000000100
079600000000000301750119460010003362001688608000000100
079600000000000301750119460010003362001688608000000100
079600000000000301750119460010003362001688608000000100
079600000000151601750034150010086958001690174000000100
079600000000113701750066010060464463001694253200000100
079600000000113701750066010060464463001694253200000100
079600000000113701750066010060464463001694253200000100
079600000000113701750066010060464463001694253200000100
079600000000151601750066010060464463001694253200000100
079600000000151601750066010060464463001694253200000100
079600000000304201750094520060210414001700127000000100
079600000000304201750094520060210414001700127000000100
079600000000570501750075990000003768001730361100000100
079600000000570501750075990000003768001730361100000100
079600000000570501750075990000003768001730361100000100
079600000000570501750075990000003768001730361100000100
079600000000570501750075990000003768001730361100000100
079600000000113701750438010061132112001731912100000100
079600000000113701750438010061132112001731912100000100
079600000000117401750066010060464723001735169100000100
079600000000117401750066010060464723001735169100000100
079600000000151601750066010060464723001735169100000100
079600000000151601750122460070181972001738277500000100
079600000000353201750526250073328188001738345400000100
079600000000353201750526250073328188001738345400000100
079600000000353201750526250073328188001738345400000100
079600000000353201750526250073328188001738345400000100
079600000000455801750526250073328188001738345400000100
079600000000455801750526250073328188001738345400000100
079600000000380001750062700072202908001739892500000100
079600000000380001750062700072202908001739892500000100
079600000000380001750062700072202908001739892500000100
079600000000380001750062700072202908001739892500000100
079600000000204901750094530060307152001743324400000100
079600000000204901750094530060307152001743324400000100
079600000000204901750094530060307152001743324400000100
079600000000204901750094530060307152001743324400000100
079600000000204901750094530060307152001743324400000100
079600000000204901750094530060307152001743324400000100
079600000000000401750094530060307152001743324400000100
079600000000000501750094530060307152001743324400000100
079600000000304201750083080073672017001748269100000100
079600000000117401750098810073129561001756808600000100
079600000000117401750098810073129561001756808600000100
079600000000117401750098810073129561001756808600000100
079600000000117401750098810073129561001756808600000100
079600000000151601750098810073129561001756808600000100
079600000000151601750098810073129561001756808600000100
079600000000760001750138140060344348001758241000000100
079600000000760001750138140060344348001758241000000100
079600000000760001750138140060344348001758241000000100
079600000000760001750138140060344348001758241000000100
079600000000760001750138140060344348001758241000000100
079600000000000301750138140060344348001758241000000100
079600000000000401750138140060344348001758241000000100
079600000000000401750138140060344348001758241000000100
079600000000000501750138140060344348001758241000000100
079600000000151601750051170073063387001785009900000100
079600000000190501750154290010003112001791608800000100
079600000000190501750154290010003112001791608800000100
079600000000190501750154290010003112001791608800000100
079600000000190501750154290010003112001791608800000100
079600000000190501750154290010003112001791608800000100
079600000000190501750154290010003112001791608800000100
079600000000000201750154290010003112001791608800000100
079600000000000201750154290010003112001791608800000100
079600000000000201750154290010003112001791608800000100
079600000000000201750154290010003112001791608800000100
079600000000000201750154290010003112001791608800000100
079600000000000301750154290010003112001791608800000100
079600000000000401750154290010003112001791608800000100
079600000000190501750051100010054292001793642600000100
079600000000190501750051100010054292001793642600000100
079600000000190501750051100010054292001793642600000100
079600000000190501750051100010054292001793642600000100
079600000000190501750051100010054292001793642600000100
079600000000190501750051100010054292001793642600000100
079600000000190501750051100010054292001793642600000100
079600000000190501750051100010054292001793642600000100
079600000000190501750051100010054292001793642600000100
079600000000190501750051100010054292001793642600000100
079600000000190501750013950060453188001798920000000100
079600000000190501750580770074992676001800619300000100
079600000000190501750580770074992676001800619300000100
079600000000190501750580770074992676001800619300000100
079600000000190501750580770074992676001800619300000100
079600000000113701750580770074992676001800619300000100
079600000000113701750580770074992676001800619300000100
079600000000000201750580770074992676001800619300000100
079600000000000301750580770074992676001800619300000100
079600000000113701750073250061762109001806868400000100
079600000000113701750073250061762109001806868400000100
079600000000190501750080530060523498001822047500000100
079600000000190501750080530060523498001822047500000100
079600000000190501750080530060523498001822047500000100
079600000000190501750080530060523498001822047500000100
079600000000113701750080530060523498001822047500000100
079600000000113701750080530060523498001822047500000100
079600000000000101750080530060523498001822047500000100
079600000000000101750080530060523498001822047500000100
079600000000000201750080530060523498001822047500000100
079600000000000201750080530060523498001822047500000100
079600000000000201750080530060523498001822047500000100
079600000000000201750080530060523498001822047500000100
079600000000000201750080530060523498001822047500000100
079600000000000201750080530060523498001822047500000100
079600000000000201750080530060523498001822047500000100
079600000000000301750080530060523498001822047500000100
079600000000000301750080530060523498001822047500000100
079600000000000301750080530060523498001822047500000100
079600000000117401750167420070524787001822070700000100
079600000000117401750167420070524787001822070700000100
079600000000117401750167420070524787001822070700000100
079600000000117401750167420070524787001822070700000100
079600000000151601750167420070524787001822070700000100
079600000000151601750167420070524787001822070700000100
079600000000228401750073200072318690001823297700000100
079600000000228401750073200072318690001823297700000100
079600000000228401750073200072318690001823297700000100
079600000000304201750073200072318690001823297700000100
079600000000304201750073200072318690001823297700000100
079600000000228401750526220074971066001823709900000100
079600000000228401750526220074971066001823709900000100
079600000000304201750526220074971066001823709900000100
079600000000304201750526220074971066001823709900000100
079600000000151601750217490060773068001832746000000100
079600000000151601750217490060773068001832746000000100
079600000000228401750051120060247108001832764200000100
079600000000228401750051120060247108001832764200000100
079600000000304201750051120060247108001832764200000100
079600000000304201750051120060247108001832764200000100
079600000000950501750494190072261461001836756500000100
079600000000950501750494190072261461001836756500000100
079600000000950501750494190072261461001836756500000100
079600000000950501750494190072261461001836756500000100
079600000000950501750494190072261461001836756500000100
079600000000000101750494190072261461001836756500000100
079600000000000101750494190072261461001836756500000100
079600000000000101750494190072261461001836756500000100
079600000000000201750494190072261461001836756500000100
079600000000000301750494190072261461001836756500000100
079600000000000301750494190072261461001836756500000100
079600000000000301750494190072261461001836756500000100
079600000000000301750494190072261461001836756500000100
079600000000000401750494190072261461001836756500000100
079600000000000401750494190072261461001836756500000100
079600000000000401750494190072261461001836756500000100
079600000000000501750494190072261461001836756500000100
079600000000000501750494190072261461001836756500000100
079600000000000601750494190072261461001836756500000100
079600000000190501750051120010056565001854437700000100
079600000000190501750051120010056565001854437700000100
079600000000113701750051120010056565001854437700000100
079600000000113701750051120010056565001854437700000100
079600000000380001750092970073069035001856042900000100
079600000000380001750092970073069035001856042900000100
079600000000380001750092970073069035001856042900000100
079600000000380001750092970073069035001856042900000100
079600000000380001750092970073069035001856042900000100
079600000000380001750092970073069035001856042900000100
079600000000228401750021050060584200001857723100000100
079600000000228401750021050060584200001857723100000100
079600000000228401750021050060584200001857723100000100
079600000000228401750021050060584200001857723100000100
079600000000304201750021050060584200001857723100000100
079600000000304201750021050060584200001857723100000100
079600000000190501750072410010007028001865699200000100
079600000000190501750072410010007028001865699200000100
079600000000190501750072410010007028001865699200000100
079600000000190501750072410010007028001865699200000100
079600000000113701750072410010007028001865699200000100
079600000000113701750072410010007028001865699200000100
079600000000000101750072410010007028001865699200000100
079600000000000201750072410010007028001865699200000100
079600000000000201750072410010007028001865699200000100
079600000000000201750072410010007028001865699200000100
079600000000000301750072410010007028001865699200000100
079600000000000301750072410010007028001865699200000100
079600000000000301750072410010007028001865699200000100
079600000000151601750315460073584181001873961500000100
079600000000151601750069460060887056001882556200000100
079600000000151601750069460060887056001882556200000100
079600000000467801750526240072308713001882715100000100
079600000000467801750526240072308713001882715100000100
079600000000467801750526240072308713001882715100000100
079600000000467801750526240072308713001882715100000100
079600000000608401750526240072308713001882715100000100
079600000000608401750526240072308713001882715100000100
079600000000113701750106280073740598001903122800000100
079600000000113701750106280073740598001903122800000100
079600000000113701750106280073740598001903122800000100
079600000000113701750106280073740598001903122800000100
079600000000151601750106280073740598001903122800000100
079600000000151601750106280073740598001903122800000100
079600000000204901750094580075936123001906705900000100
079600000000204901750094580075936123001906705900000100
079600000000204901750094580075936123001906705900000100
079600000000204901750094580075936123001906705900000100
079600000000204901750094580075936123001906705900000100
079600000000204901750094580075936123001906705900000100
079600000000000401750094580075936123001906705900000100
079600000000000501750094580075936123001906705900000100
079600000000190501750433900072517933001911640800000100
079600000000190501750433900072517933001911640800000100
079600000000190501750433900072517933001911640800000100
079600000000117401750347210072231364001943674100000100
079600000000151601750347210072231364001943674100000100
079600000000151601750347210072231364001943674100000100
079600000000113701750186180076458805001946149400000100
079600000000113701750186180076458805001946149400000100
079600000000113701750186180076458805001946149400000100
079600000000113701750186180076458805001946149400000100
079600000000151601750186180076458805001946149400000100
079600000000151601750186180076458805001946149400000100
079600000000190501750223990073590100001953643600000100
079600000000190501750223990073590100001953643600000100
079600000000190501750223990073590100001953643600000100
079600000000190501750223990073590100001953643600000100
079600000000113701750223990073590100001953643600000100
079600000000113701750223990073590100001953643600000100
079600000000190501750223990073590100001953643600000100
079600000000190501750223990073590100001953643600000100
079600000000190501750223990073590100001953643600000100
079600000000190501750223990073590100001953643600000100
079600000000113701750223990073590100001953643600000100
079600000000113701750223990073590100001953643600000100
079600000000000301750223990073590100001953643600000100
079600000000000301750223990073590100001953643600000100
079600000000000301750223990073590100001953643600000100
079600000000000401750223990073590100001953643600000100
079600000000000401750223990073590100001953643600000100
079600000000000401750223990073590100001953643600000100
079600000000000501750223990073590100001953643600000100
079600000000000601750223990073590100001953643600000100
079600000000000701750223990073590100001953643600000100
079600000000190501750098890073131358001954646000000100
079600000000190501750098890073131358001954646000000100
079600000000190501750098890073131358001954646000000100
079600000000190501750098890073131358001954646000000100
079600000000113701750098890073131358001954646000000100
079600000000113701750098890073131358001954646000000100
079600000000190501750098890073131358001954646000000100
079600000000190501750098890073131358001954646000000100
079600000000190501750098890073131358001954646000000100
079600000000190501750098890073131358001954646000000100
079600000000113701750098890073131358001954646000000100
079600000000113701750098890073131358001954646000000100
079600000000000101750098890073131358001954646000000100
079600000000000101750098890073131358001954646000000100
079600000000000101750098890073131358001954646000000100
079600000000000201750098890073131358001954646000000100
079600000000000301750098890073131358001954646000000100
079600000000000301750098890073131358001954646000000100
079600000000000301750098890073131358001954646000000100
079600000000000401750098890073131358001954646000000100
079600000000000401750098890073131358001954646000000100
079600000000000401750098890073131358001954646000000100
079600000000000401750098890073131358001954646000000100
079600000000000501750098890073131358001954646000000100
079600000000000201750098890073131358001954646000000100
079600000000000701750098890073131358001954646000000100
079600000000190501750098870073131362001954681700000100
079600000000190501750098870073131362001954681700000100
079600000000190501750098870073131362001954681700000100
079600000000190501750098870073131362001954681700000100
079600000000113701750098870073131362001954681700000100
079600000000113701750098870073131362001954681700000100
079600000000190501750098870073131362001954681700000100
079600000000190501750098870073131362001954681700000100
079600000000190501750098870073131362001954681700000100
079600000000190501750098870073131362001954681700000100
079600000000113701750098870073131362001954681700000100
079600000000113701750098870073131362001954681700000100
079600000000000701750098870073131362001954681700000100
079600000000190501750277810073460238001960595500000100
079600000000190501750277810073460238001960595500000100
079600000000190501750277810073460238001960595500000100
079600000000190501750277810073460238001960595500000100
079600000000190501750277810073460238001960595500000100
079600000000190501750277810073460238001960595500000100
079600000000570501750289160073242041001987123000000100
079600000000570501750289160073242041001987123000000100
079600000000570501750289160073242041001987123000000100
079600000000570501750289160073242041001987123000000100
079600000000570501750289160073242041001987123000000100
079600000000000201750289160073242041001987123000000100
079600000000000201750289160073242041001987123000000100
079600000000000201750289160073242041001987123000000100
079600000000000201750289160073242041001987123000000100
079600000000000301750289160073242041001987123000000100
079600000000000301750289160073242041001987123000000100
079600000000000401750289160073242041001987123000000100
079600000000190501750532750075935130001990975300000100
079600000000190501750532750075935130001990975300000100
079600000000190501750532750075935130001990975300000100
079600000000190501750105410072268690001995917300000100
079600000000190501750105410072268690001995917300000100
079600000000190501750105410072268690001995917300000100
079600000000190501750105410072268690001995917300000100
079600000000190501750105410072268690001995917300000100
079600000000190501750105410072268690001995917300000100
079600000000190501750069420060504588002000219000000100
079600000000190501750069420060504588002000219000000100
079600000000190501750069420060504588002000219000000100
079600000000190501750069420060504588002000219000000100
079600000000113701750069420060504588002000219000000100
079600000000113701750069420060504588002000219000000100
079600000000000201750069420060504588002000219000000100
079600000000000201750069420060504588002000219000000100
079600000000000201750069420060504588002000219000000100
079600000000000201750069420060504588002000219000000100
079600000000000201750069420060504588002000219000000100
079600000000000201750069420060504588002000219000000100
079600000000000301750069420060504588002000219000000100
079600000000000301750069420060504588002000219000000100
079600000000000301750069420060504588002000219000000100
079600000000225601750557270075846141002087711100000100
079600000000225601750557270075846141002087711100000100
079600000000225601750557270075846141002087711100000100
079600000000225601750557270075846141002087711100000100
079600000000225601750557270075846141002087711100000100
079600000000225601750557270075846141002087711100000100
079600000000225601750557270075846141002087711100000100
079600000000225601750557270075846141002087711100000100
079600000000190501750217460075918554002114737900000100
079600000000190501750217460075918554002114737900000100
079600000000190501750217460075918554002114737900000100
079600000000190501750217460075918554002114737900000100
079600000000190501750217460075918554002114737900000100
079600000000950501750117810072347867002143683000000100
079600000000950501750117810072347867002143683000000100
079600000000950501750117810072347867002143683000000100
079600000000950501750117810072347867002143683000000100
079600000000950501750117810072347867002143683000000100
079600000000000101750117810072347867002143683000000100
079600000000000101750117810072347867002143683000000100
079600000000000201750117810072347867002143683000000100
079600000000000301750117810072347867002143683000000100
079600000000000301750117810072347867002143683000000100
079600000000000301750117810072347867002143683000000100
079600000000000301750117810072347867002143683000000100
079600000000000401750117810072347867002143683000000100
079600000000000401750117810072347867002143683000000100
079600000000000401750117810072347867002143683000000100
079600000000000501750117810072347867002143683000000100
079600000000000501750117810072347867002143683000000100
079600000000000601750117810072347867002143683000000100
079600000000348201750068680076637140002274954600000100
079600000000348201750068680076637140002274954600000100
079600000000348201750068680076637140002274954600000100
079600000000348201750068680076637140002274954600000100
079600000000348201750068680076637140002274954600000100
079600000000117401750677370075942212002354305800000100
079600000000117401750677370075942212002354305800000100
079600000000117401750677370075942212002354305800000100
079600000000117401750677370075942212002354305800000100
079600000000151601750677370075942212002354305800000100
079600000000151601750677370075942212002354305800000100
079600000000950501750473840076585384002421349800000100
079600000000950501750473840076585384002421349800000100
079600000000950501750473840076585384002421349800000100
079600000000950501750473840076585384002421349800000100
079600000000950501750473840076585384002421349800000100
079600000000950501750374040076570736002498213800000100
079600000000190501750141100075792133002587122500000100
079600000000190501750141100075792133002587122500000100
079600000000190501750141100075792133002587122500000100
079600000000190501750141100075792133002587122500000100
079600000000113701750141100075792133002587122500000100
079600000000113701750141100075792133002587122500000100
079600000000760001750677330076233376002611336600000100
079600000000760001750677330076233376002611336600000100
079600000000760001750677330076233376002611336600000100
079600000000760001750677330076233376002611336600000100
079600000000760001750677330076233376002611336600000100
079600000000950501750677390075976259002777007200000100
079600000000950501750677390075976259002777007200000100
079600000000950501750677390075976259002777007200000100
079600000000950501750677390075976259002777007200000100
079600000000950501750677390075976259002777007200000100
079600000000000101750677390075976259002777007200000100
079600000000000101750677390075976259002777007200000100
079600000000000201750677390075976259002777007200000100
079600000000000301750677390075976259002777007200000100
079600000000000301750677390075976259002777007200000100
079600000000000301750677390075976259002777007200000100
079600000000000301750677390075976259002777007200000100
079600000000000401750677390075976259002777007200000100
079600000000000401750677390075976259002777007200000100
079600000000000401750677390075976259002777007200000100
079600000000000501750677390075976259002777007200000100
079600000000000501750677390075976259002777007200000100
079600000000000601750677390075976259002777007200000100
079600000000950501750677360075976241002986122400000100
079600000000950501750677360075976241002986122400000100
079600000000950501750677360075976241002986122400000100
079600000000950501750677360075976241002986122400000100
079600000000950501750677360075976241002986122400000100
